00100000000000011110000011000000
00100000000000100001111101000000
00000000000000000001100000100000
00101000011001000000000000001010
00010000100000000000000000001110
00000000011000110010100000100000
00000000011001010010100000100000
00000000011001010010100000100000
00000001111001010011000000100000
10001100110001110000000000000000
00000000111000100100000000101010
00010001000000000000000000000010
00000000000001110001000000100000
00001000000000000000000000010001
00000000001001110100000000101010
00010001000000000000000000000001
00000000000001110000100000100000
00100000011000110000000000000001
00001000000000000000000000000011
10101100000000010000000000010100
10101100000000100000000000011000
